---------------------------------------------------------------------------------------------------------------------------------------------------------------------------------------------------------------------------------
Robot Map Moves View - Obstable %45 - Robot number of moves = 1055
---------------------------------------------------------------------------------------------------------------------------------------------------------------------------------------------------------------------------------
-1 | -1 | 0 | -1 | 0 | -1 | -1 | -1 | -1 | 1 | 1 | -1 | -1 | 1 | 0 | -1 | -1 | -1 | -1 | -1 | 0 | 0 | 0 | -1 | 1 | 2 | 1 | 0 | -1 | -1 | 2 | 1 | 1 | -1 | 3 | 2 | 2 | -1 | 0 | 0 | -1 | 0 | -1 | -1 | -1
---------------------------------------------------------------------------------------------------------------------------------------------------------------------------------------------------------------------------------
0 | 0 | 0 | -1 | 0 | -1 | -1 | 0 | -1 | -1 | 2 | 1 | -1 | 2 | -1 | -1 | 0 | -1 | 0 | -1 | 0 | 0 | -1 | -1 | -1 | -1 | 1 | 1 | -1 | 2 | -1 | 1 | 2 | 3 | -1 | 1 | 2 | 1 | 0 | -1 | 0 | -1 | -1 | 1 | -1
---------------------------------------------------------------------------------------------------------------------------------------------------------------------------------------------------------------------------------
0 | -1 | 0 | 0 | -1 | 0 | -1 | 0 | -1 | 1 | 2 | -1 | 2 | 3 | 2 | -1 | 0 | 0 | 0 | -1 | -1 | -1 | 0 | -1 | -1 | -1 | -1 | 1 | 2 | 1 | -1 | 1 | -1 | -1 | -1 | -1 | 1 | 1 | 1 | 0 | -1 | -1 | 2 | 2 | -1
---------------------------------------------------------------------------------------------------------------------------------------------------------------------------------------------------------------------------------
0 | 0 | 0 | 0 | -1 | -1 | 0 | 0 | -1 | 1 | 1 | 2 | -1 | -1 | 2 | 2 | -1 | -1 | -1 | -1 | 1 | 1 | 1 | 1 | 1 | 0 | -1 | -1 | 3 | 3 | 3 | 2 | 2 | -1 | -1 | 0 | 1 | -1 | 1 | 1 | -1 | 2 | 2 | -1 | 2
---------------------------------------------------------------------------------------------------------------------------------------------------------------------------------------------------------------------------------
0 | -1 | 0 | 0 | 0 | 0 | -1 | 0 | 0 | -1 | 2 | 2 | -1 | 0 | -1 | 2 | 2 | -1 | -1 | -1 | -1 | 1 | 0 | -1 | 0 | 1 | -1 | 2 | 2 | -1 | -1 | -1 | -1 | 2 | -1 | 0 | 1 | -1 | -1 | 1 | 2 | 2 | -1 | 2 | 1
---------------------------------------------------------------------------------------------------------------------------------------------------------------------------------------------------------------------------------
-1 | 0 | 0 | 0 | -1 | 0 | -1 | S | -1 | 0 | 2 | 2 | -1 | -1 | -1 | -1 | -1 | -1 | 1 | 1 | -1 | -1 | 1 | 0 | 0 | -1 | 2 | 2 | 2 | 1 | 1 | 1 | 2 | 1 | 1 | 0 | 1 | -1 | -1 | -1 | -1 | 2 | 2 | 1 | 2
---------------------------------------------------------------------------------------------------------------------------------------------------------------------------------------------------------------------------------
1 | -1 | -1 | 0 | -1 | -1 | 0 | 1 | -1 | 1 | 1 | 1 | 1 | -1 | -1 | 1 | 1 | 2 | 2 | 1 | 1 | -1 | -1 | 1 | -1 | -1 | -1 | 2 | 1 | -1 | 0 | -1 | 1 | -1 | 1 | 1 | 2 | -1 | -1 | 1 | -1 | 2 | 1 | 1 | -1
---------------------------------------------------------------------------------------------------------------------------------------------------------------------------------------------------------------------------------
1 | 1 | -1 | 0 | 0 | -1 | -1 | 1 | -1 | 1 | 1 | 1 | 1 | 1 | -1 | 1 | -1 | 3 | 1 | -1 | -1 | 1 | -1 | -1 | 1 | -1 | 1 | 1 | 2 | -1 | -1 | 1 | 2 | 1 | 1 | 2 | 2 | 2 | 2 | -1 | 2 | 2 | -1 | -1 | 0
---------------------------------------------------------------------------------------------------------------------------------------------------------------------------------------------------------------------------------
1 | 0 | 1 | -1 | 0 | -1 | 1 | -1 | -1 | 2 | -1 | 0 | -1 | -1 | -1 | -1 | 2 | -1 | -1 | 1 | 1 | 1 | 1 | -1 | 1 | -1 | 1 | 2 | 2 | -1 | 1 | 1 | -1 | -1 | -1 | 2 | 2 | 2 | -1 | 1 | -1 | 1 | 1 | 0 | 0
---------------------------------------------------------------------------------------------------------------------------------------------------------------------------------------------------------------------------------
1 | 0 | -1 | 1 | 1 | 2 | 1 | 2 | 2 | -1 | -1 | -1 | -1 | 0 | 0 | -1 | -1 | -1 | -1 | -1 | -1 | -1 | 1 | 1 | 1 | -1 | 2 | -1 | 3 | -1 | -1 | -1 | -1 | 2 | 2 | -1 | 2 | 2 | -1 | -1 | -1 | -1 | 2 | -1 | -1
---------------------------------------------------------------------------------------------------------------------------------------------------------------------------------------------------------------------------------
-1 | 1 | -1 | -1 | 1 | 1 | 1 | -1 | -1 | 0 | 0 | 0 | 0 | 0 | 0 | -1 | -1 | 0 | -1 | -1 | 2 | -1 | -1 | 1 | 2 | 2 | -1 | -1 | 4 | 3 | 3 | 3 | 3 | 4 | -1 | -1 | -1 | 2 | 2 | -1 | -1 | 1 | 2 | -1 | -1
---------------------------------------------------------------------------------------------------------------------------------------------------------------------------------------------------------------------------------
-1 | -1 | 1 | -1 | -1 | -1 | 0 | 0 | -1 | 0 | 0 | 0 | 0 | 0 | 0 | 0 | 0 | 0 | -1 | 3 | 3 | -1 | -1 | -1 | 3 | -1 | -1 | 3 | 4 | -1 | -1 | -1 | -1 | 3 | -1 | 0 | 0 | 2 | -1 | 2 | 1 | -1 | 2 | 2 | 1
---------------------------------------------------------------------------------------------------------------------------------------------------------------------------------------------------------------------------------
-1 | 0 | -1 | 1 | 0 | 0 | 0 | 0 | -1 | 0 | 0 | 0 | -1 | 0 | 0 | -1 | 0 | -1 | -1 | -1 | 4 | 2 | -1 | -1 | -1 | 3 | -1 | 4 | 3 | 3 | 3 | 3 | 3 | -1 | 0 | -1 | 1 | -1 | 1 | 1 | 2 | -1 | 2 | 2 | 1
---------------------------------------------------------------------------------------------------------------------------------------------------------------------------------------------------------------------------------
0 | -1 | 0 | -1 | 1 | -1 | -1 | -1 | -1 | -1 | -1 | -1 | -1 | -1 | -1 | 0 | 0 | -1 | -1 | 1 | 2 | -1 | -1 | -1 | 1 | 3 | 3 | 3 | -1 | -1 | -1 | -1 | 2 | -1 | 0 | -1 | 1 | 0 | -1 | 2 | -1 | 2 | 3 | -1 | 2
---------------------------------------------------------------------------------------------------------------------------------------------------------------------------------------------------------------------------------
-1 | 0 | -1 | 0 | 1 | -1 | 0 | -1 | -1 | 2 | -1 | -1 | 1 | 1 | -1 | 0 | -1 | 0 | 1 | -1 | 3 | 2 | -1 | -1 | -1 | 4 | -1 | -1 | -1 | 1 | 2 | -1 | -1 | -1 | 0 | 0 | -1 | 1 | -1 | 2 | -1 | -1 | 3 | -1 | 1
---------------------------------------------------------------------------------------------------------------------------------------------------------------------------------------------------------------------------------
-1 | 0 | -1 | -1 | 1 | 0 | -1 | 1 | 3 | -1 | 1 | 1 | 0 | -1 | 1 | -1 | -1 | 1 | -1 | 1 | -1 | 1 | 3 | 2 | 2 | 2 | -1 | 1 | -1 | -1 | -1 | 2 | 2 | -1 | -1 | 0 | 0 | -1 | 1 | 1 | 1 | 1 | 3 | -1 | -1
---------------------------------------------------------------------------------------------------------------------------------------------------------------------------------------------------------------------------------
0 | -1 | -1 | 1 | -1 | -1 | 1 | 2 | -1 | -1 | -1 | 2 | -1 | -1 | 0 | 1 | 1 | 0 | -1 | -1 | -1 | 1 | 2 | 2 | 5 | -1 | -1 | -1 | 3 | 2 | 1 | 1 | -1 | 1 | -1 | -1 | -1 | -1 | 1 | 1 | -1 | -1 | 2 | -1 | -1
---------------------------------------------------------------------------------------------------------------------------------------------------------------------------------------------------------------------------------
0 | -1 | 1 | 1 | 1 | 1 | -1 | 2 | 1 | 1 | 1 | 2 | 1 | 0 | -1 | 2 | -1 | 0 | 0 | -1 | -1 | -1 | 3 | 2 | -1 | 3 | -1 | 2 | 1 | 2 | -1 | 0 | -1 | 0 | 1 | 1 | 1 | -1 | -1 | 2 | -1 | 1 | 1 | -1 | -1
---------------------------------------------------------------------------------------------------------------------------------------------------------------------------------------------------------------------------------
0 | 1 | 1 | 0 | 0 | 0 | 1 | 2 | 1 | 0 | -1 | -1 | 2 | 2 | 2 | -1 | 0 | 0 | 0 | -1 | 1 | 2 | -1 | 3 | 2 | -1 | 3 | -1 | 0 | 3 | -1 | -1 | 0 | 0 | -1 | -1 | -1 | 1 | 1 | 2 | -1 | 1 | -1 | -1 | 0
---------------------------------------------------------------------------------------------------------------------------------------------------------------------------------------------------------------------------------
1 | 1 | -1 | 0 | 0 | 1 | 0 | 1 | 0 | 1 | -1 | -1 | 2 | 3 | 3 | -1 | 0 | -1 | 0 | -1 | -1 | 2 | 2 | -1 | 2 | -1 | 3 | -1 | 1 | 1 | 1 | -1 | -1 | 0 | -1 | 0 | 0 | 0 | -1 | 1 | -1 | -1 | -1 | -1 | -1
---------------------------------------------------------------------------------------------------------------------------------------------------------------------------------------------------------------------------------
-1 | -1 | -1 | -1 | 1 | -1 | -1 | 1 | 0 | -1 | 1 | -1 | -1 | -1 | -1 | 3 | -1 | 0 | 0 | -1 | -1 | 2 | -1 | -1 | -1 | 3 | 2 | 3 | 2 | 1 | -1 | -1 | -1 | -1 | 0 | 0 | -1 | 0 | -1 | 1 | 0 | -1 | 0 | -1 | 0
---------------------------------------------------------------------------------------------------------------------------------------------------------------------------------------------------------------------------------
1 | 2 | 2 | 2 | 1 | 1 | 1 | 1 | -1 | 0 | 0 | 1 | 1 | -1 | 0 | 3 | -1 | 0 | 0 | -1 | 2 | 2 | 1 | 1 | 2 | 2 | 3 | -1 | -1 | -1 | 0 | -1 | -1 | 0 | 0 | -1 | 0 | 0 | -1 | 1 | 0 | 0 | -1 | 0 | -1
---------------------------------------------------------------------------------------------------------------------------------------------------------------------------------------------------------------------------------
-1 | -1 | -1 | -1 | 0 | -1 | -1 | 2 | 1 | 1 | 0 | -1 | -1 | 1 | 2 | 3 | -1 | -1 | -1 | 2 | -1 | 1 | 1 | 1 | -1 | 2 | -1 | 5 | 4 | -1 | -1 | -1 | -1 | 0 | 0 | -1 | 0 | -1 | 1 | -1 | -1 | -1 | -1 | 0 | 0
---------------------------------------------------------------------------------------------------------------------------------------------------------------------------------------------------------------------------------
0 | -1 | -1 | -1 | 0 | -1 | 1 | -1 | -1 | 0 | 1 | 0 | -1 | -1 | 2 | -1 | 2 | 2 | 2 | -1 | 0 | 2 | -1 | -1 | -1 | 3 | 4 | 2 | 2 | 3 | -1 | 0 | -1 | -1 | -1 | 0 | -1 | 1 | 0 | -1 | 0 | -1 | 0 | -1 | -1
---------------------------------------------------------------------------------------------------------------------------------------------------------------------------------------------------------------------------------
-1 | -1 | 0 | -1 | 0 | 1 | -1 | -1 | 0 | -1 | -1 | 1 | 1 | 2 | -1 | -1 | -1 | -1 | 2 | -1 | -1 | 2 | -1 | 2 | -1 | 3 | 3 | 2 | -1 | 5 | -1 | 0 | 0 | 0 | -1 | -1 | -1 | 1 | 0 | -1 | -1 | 0 | -1 | -1 | 0
---------------------------------------------------------------------------------------------------------------------------------------------------------------------------------------------------------------------------------
0 | -1 | 0 | -1 | -1 | 1 | 1 | 1 | 1 | 2 | 2 | 1 | 1 | -1 | -1 | -1 | -1 | 1 | -1 | 3 | 3 | 2 | 2 | 2 | 3 | -1 | 4 | 3 | 4 | 4 | -1 | 0 | -1 | -1 | 0 | -1 | -1 | -1 | 1 | -1 | 0 | 0 | 0 | -1 | -1
---------------------------------------------------------------------------------------------------------------------------------------------------------------------------------------------------------------------------------
-1 | -1 | -1 | 0 | -1 | 1 | -1 | -1 | 1 | -1 | 0 | 1 | 1 | 1 | -1 | 2 | 2 | 2 | 2 | -1 | 2 | 3 | -1 | -1 | 5 | -1 | -1 | 4 | 4 | -1 | -1 | -1 | -1 | 0 | -1 | 0 | 0 | -1 | 1 | -1 | 0 | -1 | -1 | 0 | -1
---------------------------------------------------------------------------------------------------------------------------------------------------------------------------------------------------------------------------------
0 | 0 | -1 | 0 | -1 | -1 | -1 | 1 | -1 | -1 | 0 | -1 | -1 | -1 | 3 | -1 | -1 | 3 | -1 | -1 | 2 | 2 | 2 | 3 | -1 | 2 | 3 | 4 | -1 | 2 | 3 | 2 | -1 | 0 | 0 | 0 | 0 | 0 | 1 | 0 | 0 | -1 | 0 | -1 | 0
---------------------------------------------------------------------------------------------------------------------------------------------------------------------------------------------------------------------------------
-1 | -1 | -1 | 0 | -1 | -1 | 1 | 0 | 0 | 0 | 0 | -1 | -1 | 1 | 1 | 1 | -1 | -1 | 3 | 3 | 3 | 2 | 3 | -1 | -1 | 6 | 3 | -1 | 3 | 2 | 2 | 2 | -1 | -1 | -1 | 0 | 0 | 0 | -1 | 1 | 0 | -1 | -1 | -1 | 0
---------------------------------------------------------------------------------------------------------------------------------------------------------------------------------------------------------------------------------
0 | 0 | -1 | -1 | 0 | -1 | 1 | -1 | -1 | -1 | -1 | 1 | 1 | -1 | 1 | 1 | -1 | -1 | 2 | -1 | -1 | 3 | -1 | -1 | 7 | -1 | -1 | 3 | -1 | -1 | 2 | 1 | 1 | 0 | 0 | -1 | -1 | -1 | -1 | -1 | 1 | -1 | -1 | 0 | -1
---------------------------------------------------------------------------------------------------------------------------------------------------------------------------------------------------------------------------------
0 | -1 | -1 | 0 | 0 | -1 | 1 | 0 | -1 | -1 | 1 | -1 | -1 | -1 | 1 | 1 | -1 | -1 | -1 | 2 | 2 | -1 | 7 | 7 | -1 | 1 | 3 | -1 | 1 | 2 | -1 | -1 | 2 | -1 | -1 | -1 | 0 | -1 | -1 | -1 | 1 | -1 | 0 | -1 | 0
---------------------------------------------------------------------------------------------------------------------------------------------------------------------------------------------------------------------------------
-1 | 0 | 0 | 0 | 0 | 0 | -1 | 1 | 1 | 1 | -1 | -1 | -1 | 0 | 1 | 1 | 0 | 1 | 1 | 2 | -1 | 3 | -1 | -1 | -1 | 1 | 1 | 2 | 1 | -1 | 0 | 0 | -1 | 1 | -1 | 0 | 0 | 0 | 0 | -1 | -1 | 0 | 0 | 0 | 0
---------------------------------------------------------------------------------------------------------------------------------------------------------------------------------------------------------------------------------
0 | 0 | 0 | 0 | 0 | 0 | -1 | -1 | -1 | -1 | -1 | -1 | 0 | -1 | -1 | 2 | 2 | 1 | 1 | 1 | -1 | -1 | -1 | -1 | 1 | -1 | 3 | -1 | 0 | -1 | 0 | 0 | 0 | -1 | -1 | 0 | 0 | -1 | 0 | 0 | -1 | 0 | 0 | -1 | 0
---------------------------------------------------------------------------------------------------------------------------------------------------------------------------------------------------------------------------------
0 | -1 | 0 | 0 | 0 | 0 | -1 | -1 | 0 | 0 | -1 | 0 | 0 | 0 | -1 | -1 | -1 | -1 | 0 | -1 | -1 | -1 | 0 | -1 | -1 | 3 | -1 | -1 | 0 | 0 | 0 | 0 | 0 | 0 | 0 | 0 | -1 | -1 | -1 | -1 | -1 | 0 | 0 | 0 | 0
---------------------------------------------------------------------------------------------------------------------------------------------------------------------------------------------------------------------------------
0 | -1 | 0 | 0 | -1 | -1 | 0 | 0 | -1 | -1 | 0 | 0 | 0 | 0 | 0 | 0 | 0 | 0 | -1 | -1 | 0 | -1 | 0 | -1 | 1 | -1 | -1 | 0 | -1 | -1 | 0 | -1 | 0 | -1 | -1 | 0 | 0 | 0 | 0 | 0 | 0 | -1 | 0 | 0 | 0
---------------------------------------------------------------------------------------------------------------------------------------------------------------------------------------------------------------------------------
---------------------------------------------------------------------------------------------------------------------------------------------------------------------------------------------------------------------------------
Robot Map View - Obstable %45 - Robot number of moves = 1055
---------------------------------------------------------------------------------------------------------------------------------------------------------------------------------------------------------------------------------
2 | 2 | 2 | 2 | 2 | 2 | 2 | 2 | 0 | 1 | 1 | 0 | 0 | 1 | 1 | 2 | 2 | 2 | 2 | 2 | 1 | 2 | 2 | 0 | 1 | 1 | 1 | 1 | 0 | 0 | 1 | 1 | 1 | 0 | 1 | 1 | 1 | 0 | 1 | 1 | 2 | 2 | 0 | 0 | 0
---------------------------------------------------------------------------------------------------------------------------------------------------------------------------------------------------------------------------------
2 | 2 | 2 | 2 | 2 | 2 | 2 | 2 | 0 | 0 | 1 | 1 | 0 | 1 | 0 | 0 | 2 | 2 | 2 | 2 | 2 | 1 | 2 | 0 | 0 | 0 | 1 | 1 | 0 | 1 | 0 | 1 | 1 | 1 | 0 | 1 | 1 | 1 | 1 | 0 | 2 | 0 | 0 | 1 | 2
---------------------------------------------------------------------------------------------------------------------------------------------------------------------------------------------------------------------------------
2 | 2 | 2 | 2 | 2 | 2 | 2 | 2 | 0 | 1 | 1 | 0 | 1 | 1 | 1 | 0 | 2 | 2 | 2 | 0 | 0 | 0 | 1 | 0 | 0 | 0 | 0 | 1 | 1 | 1 | 0 | 1 | 0 | 0 | 0 | 0 | 1 | 1 | 1 | 1 | 0 | 0 | 1 | 1 | 0
---------------------------------------------------------------------------------------------------------------------------------------------------------------------------------------------------------------------------------
2 | 2 | 2 | 2 | 2 | 2 | 2 | 2 | 0 | 1 | 1 | 1 | 0 | 0 | 1 | 1 | 0 | 0 | 2 | 0 | 1 | 1 | 1 | 1 | 1 | 1 | 0 | 0 | 1 | 1 | 1 | 1 | 1 | 0 | 0 | 1 | 1 | 0 | 1 | 1 | 0 | 1 | 1 | 0 | 1
---------------------------------------------------------------------------------------------------------------------------------------------------------------------------------------------------------------------------------
2 | 2 | 2 | 2 | 2 | 2 | 2 | 2 | 1 | 0 | 1 | 1 | 0 | 2 | 0 | 1 | 1 | 0 | 0 | 0 | 0 | 1 | 1 | 0 | 1 | 1 | 0 | 1 | 1 | 0 | 0 | 0 | 0 | 1 | 0 | 1 | 1 | 0 | 0 | 1 | 1 | 1 | 0 | 1 | 1
---------------------------------------------------------------------------------------------------------------------------------------------------------------------------------------------------------------------------------
0 | 2 | 2 | 2 | 2 | 2 | 2 | S | 0 | 1 | 1 | 1 | 0 | 2 | 0 | 0 | 0 | 0 | 1 | 1 | 0 | 0 | 1 | 1 | 1 | 0 | 1 | 1 | 1 | 1 | 1 | 1 | 1 | 1 | 1 | 1 | 1 | 0 | 0 | 0 | 0 | 1 | 1 | 1 | 1
---------------------------------------------------------------------------------------------------------------------------------------------------------------------------------------------------------------------------------
1 | 0 | 0 | 2 | 2 | 2 | 1 | 1 | 0 | 1 | 1 | 1 | 1 | 0 | 0 | 1 | 1 | 1 | 1 | 1 | 1 | 0 | 0 | 1 | 0 | 0 | 0 | 1 | 1 | 0 | 1 | 0 | 1 | 0 | 1 | 1 | 1 | 0 | 0 | 1 | 0 | 1 | 1 | 1 | 0
---------------------------------------------------------------------------------------------------------------------------------------------------------------------------------------------------------------------------------
1 | 1 | 0 | 1 | 2 | 0 | 0 | 1 | 0 | 1 | 1 | 1 | 1 | 1 | 0 | 1 | 0 | 1 | 1 | 0 | 0 | 1 | 0 | 0 | 1 | 0 | 1 | 1 | 1 | 0 | 0 | 1 | 1 | 1 | 1 | 1 | 1 | 1 | 1 | 0 | 1 | 1 | 0 | 0 | 1
---------------------------------------------------------------------------------------------------------------------------------------------------------------------------------------------------------------------------------
1 | 1 | 1 | 0 | 1 | 0 | 1 | 0 | 0 | 1 | 0 | 1 | 0 | 0 | 0 | 0 | 1 | 0 | 0 | 1 | 1 | 1 | 1 | 0 | 1 | 0 | 1 | 1 | 1 | 0 | 1 | 1 | 0 | 0 | 0 | 1 | 1 | 1 | 0 | 1 | 0 | 1 | 1 | 1 | 2
---------------------------------------------------------------------------------------------------------------------------------------------------------------------------------------------------------------------------------
1 | 1 | 0 | 1 | 1 | 1 | 1 | 1 | 1 | 0 | 0 | 0 | 2 | 2 | 2 | 0 | 0 | 0 | 0 | 0 | 0 | 0 | 1 | 1 | 1 | 0 | 1 | 0 | 1 | 0 | 0 | 0 | 0 | 1 | 1 | 0 | 1 | 1 | 0 | 0 | 0 | 0 | 1 | 0 | 2
---------------------------------------------------------------------------------------------------------------------------------------------------------------------------------------------------------------------------------
0 | 1 | 0 | 0 | 1 | 1 | 1 | 0 | 0 | 1 | 2 | 2 | 2 | 2 | 2 | 2 | 2 | 2 | 0 | 0 | 1 | 0 | 0 | 1 | 1 | 1 | 0 | 0 | 1 | 1 | 1 | 1 | 1 | 1 | 0 | 0 | 0 | 1 | 1 | 0 | 0 | 1 | 1 | 0 | 0
---------------------------------------------------------------------------------------------------------------------------------------------------------------------------------------------------------------------------------
2 | 0 | 1 | 0 | 0 | 0 | 1 | 1 | 2 | 2 | 1 | 2 | 2 | 2 | 2 | 2 | 2 | 2 | 0 | 1 | 1 | 0 | 0 | 0 | 1 | 0 | 0 | 1 | 1 | 0 | 0 | 0 | 0 | 1 | 0 | 2 | 2 | 1 | 0 | 1 | 1 | 0 | 1 | 1 | 1
---------------------------------------------------------------------------------------------------------------------------------------------------------------------------------------------------------------------------------
2 | 2 | 0 | 1 | 1 | 1 | 1 | 1 | 0 | 2 | 2 | 1 | 2 | 2 | 2 | 2 | 2 | 2 | 0 | 0 | 1 | 1 | 0 | 0 | 0 | 1 | 0 | 1 | 1 | 1 | 1 | 1 | 1 | 0 | 1 | 0 | 1 | 0 | 1 | 1 | 1 | 0 | 1 | 1 | 1
---------------------------------------------------------------------------------------------------------------------------------------------------------------------------------------------------------------------------------
2 | 2 | 2 | 0 | 1 | 0 | 0 | 2 | 0 | 0 | 0 | 0 | 0 | 0 | 0 | 2 | 2 | 2 | 0 | 1 | 1 | 0 | 0 | 0 | 1 | 1 | 1 | 1 | 0 | 0 | 0 | 0 | 1 | 0 | 2 | 0 | 1 | 2 | 0 | 1 | 0 | 1 | 1 | 0 | 1
---------------------------------------------------------------------------------------------------------------------------------------------------------------------------------------------------------------------------------
2 | 2 | 2 | 2 | 1 | 0 | 2 | 0 | 0 | 1 | 0 | 0 | 1 | 1 | 0 | 2 | 0 | 1 | 1 | 0 | 1 | 1 | 0 | 0 | 0 | 1 | 0 | 0 | 0 | 1 | 1 | 0 | 0 | 0 | 2 | 1 | 0 | 1 | 0 | 1 | 0 | 0 | 1 | 0 | 1
---------------------------------------------------------------------------------------------------------------------------------------------------------------------------------------------------------------------------------
2 | 2 | 2 | 0 | 1 | 1 | 0 | 1 | 1 | 0 | 1 | 1 | 1 | 0 | 1 | 0 | 0 | 1 | 0 | 1 | 0 | 1 | 1 | 1 | 1 | 1 | 0 | 1 | 0 | 0 | 0 | 1 | 1 | 0 | 0 | 2 | 2 | 0 | 1 | 1 | 1 | 1 | 1 | 0 | 0
---------------------------------------------------------------------------------------------------------------------------------------------------------------------------------------------------------------------------------
2 | 2 | 0 | 1 | 0 | 0 | 1 | 1 | 0 | 0 | 0 | 1 | 0 | 0 | 1 | 1 | 1 | 1 | 0 | 0 | 0 | 1 | 1 | 1 | 1 | 0 | 0 | 0 | 1 | 1 | 1 | 1 | 0 | 1 | 0 | 2 | 0 | 0 | 1 | 1 | 0 | 0 | 1 | 0 | 2
---------------------------------------------------------------------------------------------------------------------------------------------------------------------------------------------------------------------------------
2 | 0 | 1 | 1 | 1 | 1 | 0 | 1 | 1 | 1 | 1 | 1 | 1 | 1 | 0 | 1 | 0 | 1 | 1 | 0 | 0 | 0 | 1 | 1 | 0 | 1 | 0 | 1 | 1 | 1 | 0 | 1 | 0 | 1 | 1 | 1 | 1 | 0 | 0 | 1 | 0 | 1 | 1 | 0 | 2
---------------------------------------------------------------------------------------------------------------------------------------------------------------------------------------------------------------------------------
1 | 1 | 1 | 1 | 1 | 1 | 1 | 1 | 1 | 1 | 0 | 0 | 1 | 1 | 1 | 0 | 2 | 1 | 2 | 0 | 1 | 1 | 0 | 1 | 1 | 0 | 1 | 0 | 1 | 1 | 0 | 0 | 1 | 1 | 0 | 0 | 0 | 1 | 1 | 1 | 0 | 1 | 0 | 0 | 2
---------------------------------------------------------------------------------------------------------------------------------------------------------------------------------------------------------------------------------
1 | 1 | 0 | 1 | 1 | 1 | 1 | 1 | 1 | 1 | 0 | 0 | 1 | 1 | 1 | 0 | 1 | 0 | 2 | 0 | 0 | 1 | 1 | 0 | 1 | 0 | 1 | 0 | 1 | 1 | 1 | 0 | 2 | 1 | 2 | 2 | 2 | 1 | 0 | 1 | 0 | 0 | 0 | 2 | 2
---------------------------------------------------------------------------------------------------------------------------------------------------------------------------------------------------------------------------------
0 | 0 | 0 | 0 | 1 | 0 | 0 | 1 | 1 | 0 | 1 | 0 | 0 | 0 | 0 | 1 | 0 | 1 | 2 | 2 | 0 | 1 | 0 | 0 | 0 | 1 | 1 | 1 | 1 | 1 | 0 | 0 | 2 | 0 | 1 | 2 | 2 | 1 | 0 | 1 | 1 | 2 | 2 | 2 | 2
---------------------------------------------------------------------------------------------------------------------------------------------------------------------------------------------------------------------------------
1 | 1 | 1 | 1 | 1 | 1 | 1 | 1 | 0 | 1 | 1 | 1 | 1 | 0 | 1 | 1 | 0 | 2 | 1 | 0 | 1 | 1 | 1 | 1 | 1 | 1 | 1 | 0 | 0 | 0 | 1 | 2 | 2 | 2 | 2 | 0 | 2 | 1 | 0 | 1 | 1 | 1 | 2 | 2 | 2
---------------------------------------------------------------------------------------------------------------------------------------------------------------------------------------------------------------------------------
0 | 0 | 0 | 0 | 1 | 0 | 0 | 1 | 1 | 1 | 1 | 0 | 0 | 1 | 1 | 1 | 0 | 0 | 0 | 1 | 0 | 1 | 1 | 1 | 0 | 1 | 0 | 1 | 1 | 0 | 0 | 0 | 2 | 2 | 2 | 2 | 2 | 0 | 1 | 0 | 0 | 0 | 0 | 2 | 2
---------------------------------------------------------------------------------------------------------------------------------------------------------------------------------------------------------------------------------
2 | 2 | 2 | 0 | 2 | 0 | 1 | 0 | 0 | 1 | 1 | 1 | 0 | 0 | 1 | 0 | 1 | 1 | 1 | 0 | 1 | 1 | 0 | 0 | 0 | 1 | 1 | 1 | 1 | 1 | 0 | 2 | 2 | 2 | 2 | 2 | 0 | 1 | 1 | 2 | 2 | 2 | 2 | 2 | 2
---------------------------------------------------------------------------------------------------------------------------------------------------------------------------------------------------------------------------------
2 | 2 | 2 | 0 | 1 | 1 | 0 | 0 | 1 | 0 | 0 | 1 | 1 | 1 | 0 | 0 | 0 | 0 | 1 | 0 | 0 | 1 | 0 | 1 | 0 | 1 | 1 | 1 | 0 | 1 | 0 | 2 | 2 | 2 | 2 | 2 | 0 | 1 | 1 | 2 | 2 | 2 | 2 | 2 | 2
---------------------------------------------------------------------------------------------------------------------------------------------------------------------------------------------------------------------------------
2 | 2 | 2 | 2 | 0 | 1 | 1 | 1 | 1 | 1 | 1 | 1 | 1 | 0 | 0 | 0 | 0 | 1 | 0 | 1 | 1 | 1 | 1 | 1 | 1 | 0 | 1 | 1 | 1 | 1 | 0 | 2 | 2 | 2 | 2 | 2 | 0 | 0 | 1 | 0 | 2 | 2 | 2 | 2 | 2
---------------------------------------------------------------------------------------------------------------------------------------------------------------------------------------------------------------------------------
2 | 2 | 2 | 2 | 0 | 1 | 0 | 0 | 1 | 0 | 1 | 1 | 1 | 1 | 0 | 1 | 1 | 1 | 1 | 0 | 1 | 1 | 0 | 0 | 1 | 0 | 0 | 1 | 1 | 0 | 0 | 0 | 0 | 2 | 2 | 2 | 2 | 2 | 1 | 0 | 2 | 2 | 2 | 2 | 2
---------------------------------------------------------------------------------------------------------------------------------------------------------------------------------------------------------------------------------
2 | 2 | 2 | 2 | 0 | 0 | 0 | 1 | 0 | 0 | 1 | 0 | 0 | 0 | 1 | 0 | 0 | 1 | 0 | 0 | 1 | 1 | 1 | 1 | 0 | 1 | 1 | 1 | 0 | 1 | 1 | 1 | 0 | 2 | 2 | 2 | 2 | 1 | 1 | 1 | 2 | 2 | 2 | 2 | 2
---------------------------------------------------------------------------------------------------------------------------------------------------------------------------------------------------------------------------------
2 | 2 | 2 | 2 | 2 | 0 | 1 | 1 | 2 | 1 | 1 | 2 | 0 | 1 | 1 | 1 | 0 | 0 | 1 | 1 | 1 | 1 | 1 | 0 | 0 | 1 | 1 | 0 | 1 | 1 | 1 | 1 | 0 | 0 | 2 | 2 | 1 | 1 | 0 | 1 | 1 | 0 | 2 | 2 | 2
---------------------------------------------------------------------------------------------------------------------------------------------------------------------------------------------------------------------------------
2 | 2 | 2 | 2 | 2 | 0 | 1 | 2 | 0 | 2 | 0 | 1 | 1 | 0 | 1 | 1 | 0 | 0 | 1 | 0 | 0 | 1 | 0 | 0 | 1 | 0 | 0 | 1 | 0 | 0 | 1 | 1 | 1 | 1 | 1 | 0 | 0 | 2 | 2 | 0 | 1 | 0 | 2 | 2 | 2
---------------------------------------------------------------------------------------------------------------------------------------------------------------------------------------------------------------------------------
2 | 2 | 2 | 2 | 2 | 0 | 1 | 1 | 2 | 0 | 1 | 0 | 0 | 0 | 1 | 1 | 0 | 0 | 0 | 1 | 1 | 0 | 1 | 1 | 0 | 1 | 1 | 0 | 1 | 1 | 0 | 0 | 1 | 0 | 0 | 2 | 2 | 2 | 2 | 2 | D | 0 | 2 | 2 | 2
---------------------------------------------------------------------------------------------------------------------------------------------------------------------------------------------------------------------------------
2 | 2 | 2 | 2 | 2 | 2 | 0 | 1 | 1 | 1 | 0 | 2 | 2 | 1 | 1 | 1 | 1 | 1 | 1 | 1 | 0 | 1 | 0 | 0 | 0 | 1 | 1 | 1 | 1 | 0 | 1 | 2 | 0 | 1 | 0 | 2 | 2 | 2 | 2 | 2 | 0 | 2 | 2 | 2 | 2
---------------------------------------------------------------------------------------------------------------------------------------------------------------------------------------------------------------------------------
2 | 2 | 2 | 2 | 2 | 2 | 0 | 0 | 0 | 0 | 2 | 2 | 1 | 0 | 0 | 1 | 1 | 1 | 1 | 1 | 0 | 0 | 0 | 0 | 1 | 0 | 1 | 0 | 2 | 0 | 2 | 1 | 2 | 0 | 0 | 2 | 2 | 2 | 2 | 2 | 2 | 2 | 2 | 2 | 2
---------------------------------------------------------------------------------------------------------------------------------------------------------------------------------------------------------------------------------
2 | 2 | 2 | 2 | 2 | 2 | 2 | 2 | 2 | 2 | 2 | 1 | 2 | 2 | 0 | 0 | 0 | 0 | 1 | 0 | 0 | 2 | 2 | 0 | 0 | 1 | 0 | 0 | 2 | 2 | 2 | 2 | 1 | 2 | 2 | 2 | 2 | 2 | 2 | 2 | 2 | 2 | 2 | 2 | 2
---------------------------------------------------------------------------------------------------------------------------------------------------------------------------------------------------------------------------------
2 | 2 | 2 | 2 | 2 | 2 | 2 | 2 | 2 | 2 | 1 | 2 | 2 | 2 | 2 | 2 | 2 | 2 | 2 | 0 | 2 | 2 | 2 | 0 | 1 | 0 | 0 | 2 | 2 | 2 | 2 | 2 | 2 | 0 | 2 | 2 | 2 | 2 | 2 | 2 | 2 | 2 | 2 | 2 | 2---------------------------------------------------------------------------------------------------------------------------------------------------------------------------------------------------------------------------------
---------------------------------------------------------------------------------------------------------------------------------------------------------------------------------------------------------------------------------
Actual Map View - Obstable %45
---------------------------------------------------------------------------------------------------------------------------------------------------------------------------------------------------------------------------------
0 | 0 | 1 | 0 | 1 | 0 | 0 | 0 | 0 | 1 | 1 | 0 | 0 | 1 | 1 | 0 | 0 | 0 | 0 | 0 | 1 | 1 | 1 | 0 | 1 | 1 | 1 | 1 | 0 | 0 | 1 | 1 | 1 | 0 | 1 | 1 | 1 | 0 | 1 | 1 | 0 | 1 | 0 | 0 | 0
---------------------------------------------------------------------------------------------------------------------------------------------------------------------------------------------------------------------------------
1 | 1 | 1 | 0 | 1 | 0 | 0 | 1 | 0 | 0 | 1 | 1 | 0 | 1 | 0 | 0 | 1 | 0 | 1 | 0 | 1 | 1 | 0 | 0 | 0 | 0 | 1 | 1 | 0 | 1 | 0 | 1 | 1 | 1 | 0 | 1 | 1 | 1 | 1 | 0 | 1 | 0 | 0 | 1 | 0
---------------------------------------------------------------------------------------------------------------------------------------------------------------------------------------------------------------------------------
1 | 0 | 1 | 1 | 0 | 1 | 0 | 1 | 0 | 1 | 1 | 0 | 1 | 1 | 1 | 0 | 1 | 1 | 1 | 0 | 0 | 0 | 1 | 0 | 0 | 0 | 0 | 1 | 1 | 1 | 0 | 1 | 0 | 0 | 0 | 0 | 1 | 1 | 1 | 1 | 0 | 0 | 1 | 1 | 0
---------------------------------------------------------------------------------------------------------------------------------------------------------------------------------------------------------------------------------
1 | 1 | 1 | 1 | 0 | 0 | 1 | 1 | 0 | 1 | 1 | 1 | 0 | 0 | 1 | 1 | 0 | 0 | 0 | 0 | 1 | 1 | 1 | 1 | 1 | 1 | 0 | 0 | 1 | 1 | 1 | 1 | 1 | 0 | 0 | 1 | 1 | 0 | 1 | 1 | 0 | 1 | 1 | 0 | 1
---------------------------------------------------------------------------------------------------------------------------------------------------------------------------------------------------------------------------------
1 | 0 | 1 | 1 | 1 | 1 | 0 | 1 | 1 | 0 | 1 | 1 | 0 | 1 | 0 | 1 | 1 | 0 | 0 | 0 | 0 | 1 | 1 | 0 | 1 | 1 | 0 | 1 | 1 | 0 | 0 | 0 | 0 | 1 | 0 | 1 | 1 | 0 | 0 | 1 | 1 | 1 | 0 | 1 | 1
---------------------------------------------------------------------------------------------------------------------------------------------------------------------------------------------------------------------------------
0 | 1 | 1 | 1 | 0 | 1 | 0 | S | 0 | 1 | 1 | 1 | 0 | 0 | 0 | 0 | 0 | 0 | 1 | 1 | 0 | 0 | 1 | 1 | 1 | 0 | 1 | 1 | 1 | 1 | 1 | 1 | 1 | 1 | 1 | 1 | 1 | 0 | 0 | 0 | 0 | 1 | 1 | 1 | 1
---------------------------------------------------------------------------------------------------------------------------------------------------------------------------------------------------------------------------------
1 | 0 | 0 | 1 | 0 | 0 | 1 | 1 | 0 | 1 | 1 | 1 | 1 | 0 | 0 | 1 | 1 | 1 | 1 | 1 | 1 | 0 | 0 | 1 | 0 | 0 | 0 | 1 | 1 | 0 | 1 | 0 | 1 | 0 | 1 | 1 | 1 | 0 | 0 | 1 | 0 | 1 | 1 | 1 | 0
---------------------------------------------------------------------------------------------------------------------------------------------------------------------------------------------------------------------------------
1 | 1 | 0 | 1 | 1 | 0 | 0 | 1 | 0 | 1 | 1 | 1 | 1 | 1 | 0 | 1 | 0 | 1 | 1 | 0 | 0 | 1 | 0 | 0 | 1 | 0 | 1 | 1 | 1 | 0 | 0 | 1 | 1 | 1 | 1 | 1 | 1 | 1 | 1 | 0 | 1 | 1 | 0 | 0 | 1
---------------------------------------------------------------------------------------------------------------------------------------------------------------------------------------------------------------------------------
1 | 1 | 1 | 0 | 1 | 0 | 1 | 0 | 0 | 1 | 0 | 1 | 0 | 0 | 0 | 0 | 1 | 0 | 0 | 1 | 1 | 1 | 1 | 0 | 1 | 0 | 1 | 1 | 1 | 0 | 1 | 1 | 0 | 0 | 0 | 1 | 1 | 1 | 0 | 1 | 0 | 1 | 1 | 1 | 1
---------------------------------------------------------------------------------------------------------------------------------------------------------------------------------------------------------------------------------
1 | 1 | 0 | 1 | 1 | 1 | 1 | 1 | 1 | 0 | 0 | 0 | 0 | 1 | 1 | 0 | 0 | 0 | 0 | 0 | 0 | 0 | 1 | 1 | 1 | 0 | 1 | 0 | 1 | 0 | 0 | 0 | 0 | 1 | 1 | 0 | 1 | 1 | 0 | 0 | 0 | 0 | 1 | 0 | 0
---------------------------------------------------------------------------------------------------------------------------------------------------------------------------------------------------------------------------------
0 | 1 | 0 | 0 | 1 | 1 | 1 | 0 | 0 | 1 | 1 | 1 | 1 | 1 | 1 | 0 | 0 | 1 | 0 | 0 | 1 | 0 | 0 | 1 | 1 | 1 | 0 | 0 | 1 | 1 | 1 | 1 | 1 | 1 | 0 | 0 | 0 | 1 | 1 | 0 | 0 | 1 | 1 | 0 | 0
---------------------------------------------------------------------------------------------------------------------------------------------------------------------------------------------------------------------------------
0 | 0 | 1 | 0 | 0 | 0 | 1 | 1 | 0 | 1 | 1 | 1 | 1 | 1 | 1 | 1 | 1 | 1 | 0 | 1 | 1 | 0 | 0 | 0 | 1 | 0 | 0 | 1 | 1 | 0 | 0 | 0 | 0 | 1 | 0 | 1 | 1 | 1 | 0 | 1 | 1 | 0 | 1 | 1 | 1
---------------------------------------------------------------------------------------------------------------------------------------------------------------------------------------------------------------------------------
0 | 1 | 0 | 1 | 1 | 1 | 1 | 1 | 0 | 1 | 1 | 1 | 0 | 1 | 1 | 0 | 1 | 0 | 0 | 0 | 1 | 1 | 0 | 0 | 0 | 1 | 0 | 1 | 1 | 1 | 1 | 1 | 1 | 0 | 1 | 0 | 1 | 0 | 1 | 1 | 1 | 0 | 1 | 1 | 1
---------------------------------------------------------------------------------------------------------------------------------------------------------------------------------------------------------------------------------
1 | 0 | 1 | 0 | 1 | 0 | 0 | 0 | 0 | 0 | 0 | 0 | 0 | 0 | 0 | 1 | 1 | 0 | 0 | 1 | 1 | 0 | 0 | 0 | 1 | 1 | 1 | 1 | 0 | 0 | 0 | 0 | 1 | 0 | 1 | 0 | 1 | 1 | 0 | 1 | 0 | 1 | 1 | 0 | 1
---------------------------------------------------------------------------------------------------------------------------------------------------------------------------------------------------------------------------------
0 | 1 | 0 | 1 | 1 | 0 | 1 | 0 | 0 | 1 | 0 | 0 | 1 | 1 | 0 | 1 | 0 | 1 | 1 | 0 | 1 | 1 | 0 | 0 | 0 | 1 | 0 | 0 | 0 | 1 | 1 | 0 | 0 | 0 | 1 | 1 | 0 | 1 | 0 | 1 | 0 | 0 | 1 | 0 | 1
---------------------------------------------------------------------------------------------------------------------------------------------------------------------------------------------------------------------------------
0 | 1 | 0 | 0 | 1 | 1 | 0 | 1 | 1 | 0 | 1 | 1 | 1 | 0 | 1 | 0 | 0 | 1 | 0 | 1 | 0 | 1 | 1 | 1 | 1 | 1 | 0 | 1 | 0 | 0 | 0 | 1 | 1 | 0 | 0 | 1 | 1 | 0 | 1 | 1 | 1 | 1 | 1 | 0 | 0
---------------------------------------------------------------------------------------------------------------------------------------------------------------------------------------------------------------------------------
1 | 0 | 0 | 1 | 0 | 0 | 1 | 1 | 0 | 0 | 0 | 1 | 0 | 0 | 1 | 1 | 1 | 1 | 0 | 0 | 0 | 1 | 1 | 1 | 1 | 0 | 0 | 0 | 1 | 1 | 1 | 1 | 0 | 1 | 0 | 0 | 0 | 0 | 1 | 1 | 0 | 0 | 1 | 0 | 0
---------------------------------------------------------------------------------------------------------------------------------------------------------------------------------------------------------------------------------
1 | 0 | 1 | 1 | 1 | 1 | 0 | 1 | 1 | 1 | 1 | 1 | 1 | 1 | 0 | 1 | 0 | 1 | 1 | 0 | 0 | 0 | 1 | 1 | 0 | 1 | 0 | 1 | 1 | 1 | 0 | 1 | 0 | 1 | 1 | 1 | 1 | 0 | 0 | 1 | 0 | 1 | 1 | 0 | 0
---------------------------------------------------------------------------------------------------------------------------------------------------------------------------------------------------------------------------------
1 | 1 | 1 | 1 | 1 | 1 | 1 | 1 | 1 | 1 | 0 | 0 | 1 | 1 | 1 | 0 | 1 | 1 | 1 | 0 | 1 | 1 | 0 | 1 | 1 | 0 | 1 | 0 | 1 | 1 | 0 | 0 | 1 | 1 | 0 | 0 | 0 | 1 | 1 | 1 | 0 | 1 | 0 | 0 | 1
---------------------------------------------------------------------------------------------------------------------------------------------------------------------------------------------------------------------------------
1 | 1 | 0 | 1 | 1 | 1 | 1 | 1 | 1 | 1 | 0 | 0 | 1 | 1 | 1 | 0 | 1 | 0 | 1 | 0 | 0 | 1 | 1 | 0 | 1 | 0 | 1 | 0 | 1 | 1 | 1 | 0 | 0 | 1 | 0 | 1 | 1 | 1 | 0 | 1 | 0 | 0 | 0 | 0 | 0
---------------------------------------------------------------------------------------------------------------------------------------------------------------------------------------------------------------------------------
0 | 0 | 0 | 0 | 1 | 0 | 0 | 1 | 1 | 0 | 1 | 0 | 0 | 0 | 0 | 1 | 0 | 1 | 1 | 0 | 0 | 1 | 0 | 0 | 0 | 1 | 1 | 1 | 1 | 1 | 0 | 0 | 0 | 0 | 1 | 1 | 0 | 1 | 0 | 1 | 1 | 0 | 1 | 0 | 1
---------------------------------------------------------------------------------------------------------------------------------------------------------------------------------------------------------------------------------
1 | 1 | 1 | 1 | 1 | 1 | 1 | 1 | 0 | 1 | 1 | 1 | 1 | 0 | 1 | 1 | 0 | 1 | 1 | 0 | 1 | 1 | 1 | 1 | 1 | 1 | 1 | 0 | 0 | 0 | 1 | 0 | 0 | 1 | 1 | 0 | 1 | 1 | 0 | 1 | 1 | 1 | 0 | 1 | 0
---------------------------------------------------------------------------------------------------------------------------------------------------------------------------------------------------------------------------------
0 | 0 | 0 | 0 | 1 | 0 | 0 | 1 | 1 | 1 | 1 | 0 | 0 | 1 | 1 | 1 | 0 | 0 | 0 | 1 | 0 | 1 | 1 | 1 | 0 | 1 | 0 | 1 | 1 | 0 | 0 | 0 | 0 | 1 | 1 | 0 | 1 | 0 | 1 | 0 | 0 | 0 | 0 | 1 | 1
---------------------------------------------------------------------------------------------------------------------------------------------------------------------------------------------------------------------------------
1 | 0 | 0 | 0 | 1 | 0 | 1 | 0 | 0 | 1 | 1 | 1 | 0 | 0 | 1 | 0 | 1 | 1 | 1 | 0 | 1 | 1 | 0 | 0 | 0 | 1 | 1 | 1 | 1 | 1 | 0 | 1 | 0 | 0 | 0 | 1 | 0 | 1 | 1 | 0 | 1 | 0 | 1 | 0 | 0
---------------------------------------------------------------------------------------------------------------------------------------------------------------------------------------------------------------------------------
0 | 0 | 1 | 0 | 1 | 1 | 0 | 0 | 1 | 0 | 0 | 1 | 1 | 1 | 0 | 0 | 0 | 0 | 1 | 0 | 0 | 1 | 0 | 1 | 0 | 1 | 1 | 1 | 0 | 1 | 0 | 1 | 1 | 1 | 0 | 0 | 0 | 1 | 1 | 0 | 0 | 1 | 0 | 0 | 1
---------------------------------------------------------------------------------------------------------------------------------------------------------------------------------------------------------------------------------
1 | 0 | 1 | 0 | 0 | 1 | 1 | 1 | 1 | 1 | 1 | 1 | 1 | 0 | 0 | 0 | 0 | 1 | 0 | 1 | 1 | 1 | 1 | 1 | 1 | 0 | 1 | 1 | 1 | 1 | 0 | 1 | 0 | 0 | 1 | 0 | 0 | 0 | 1 | 0 | 1 | 1 | 1 | 0 | 0
---------------------------------------------------------------------------------------------------------------------------------------------------------------------------------------------------------------------------------
0 | 0 | 0 | 1 | 0 | 1 | 0 | 0 | 1 | 0 | 1 | 1 | 1 | 1 | 0 | 1 | 1 | 1 | 1 | 0 | 1 | 1 | 0 | 0 | 1 | 0 | 0 | 1 | 1 | 0 | 0 | 0 | 0 | 1 | 0 | 1 | 1 | 0 | 1 | 0 | 1 | 0 | 0 | 1 | 0
---------------------------------------------------------------------------------------------------------------------------------------------------------------------------------------------------------------------------------
1 | 1 | 0 | 1 | 0 | 0 | 0 | 1 | 0 | 0 | 1 | 0 | 0 | 0 | 1 | 0 | 0 | 1 | 0 | 0 | 1 | 1 | 1 | 1 | 0 | 1 | 1 | 1 | 0 | 1 | 1 | 1 | 0 | 1 | 1 | 1 | 1 | 1 | 1 | 1 | 1 | 0 | 1 | 0 | 1
---------------------------------------------------------------------------------------------------------------------------------------------------------------------------------------------------------------------------------
0 | 0 | 0 | 1 | 0 | 0 | 1 | 1 | 1 | 1 | 1 | 0 | 0 | 1 | 1 | 1 | 0 | 0 | 1 | 1 | 1 | 1 | 1 | 0 | 0 | 1 | 1 | 0 | 1 | 1 | 1 | 1 | 0 | 0 | 0 | 1 | 1 | 1 | 0 | 1 | 1 | 0 | 0 | 0 | 1
---------------------------------------------------------------------------------------------------------------------------------------------------------------------------------------------------------------------------------
1 | 1 | 0 | 0 | 1 | 0 | 1 | 0 | 0 | 0 | 0 | 1 | 1 | 0 | 1 | 1 | 0 | 0 | 1 | 0 | 0 | 1 | 0 | 0 | 1 | 0 | 0 | 1 | 0 | 0 | 1 | 1 | 1 | 1 | 1 | 0 | 0 | 0 | 0 | 0 | 1 | 0 | 0 | 1 | 0
---------------------------------------------------------------------------------------------------------------------------------------------------------------------------------------------------------------------------------
1 | 0 | 0 | 1 | 1 | 0 | 1 | 1 | 0 | 0 | 1 | 0 | 0 | 0 | 1 | 1 | 0 | 0 | 0 | 1 | 1 | 0 | 1 | 1 | 0 | 1 | 1 | 0 | 1 | 1 | 0 | 0 | 1 | 0 | 0 | 0 | 1 | 0 | 0 | 0 | D | 0 | 1 | 0 | 1
---------------------------------------------------------------------------------------------------------------------------------------------------------------------------------------------------------------------------------
0 | 1 | 1 | 1 | 1 | 1 | 0 | 1 | 1 | 1 | 0 | 0 | 0 | 1 | 1 | 1 | 1 | 1 | 1 | 1 | 0 | 1 | 0 | 0 | 0 | 1 | 1 | 1 | 1 | 0 | 1 | 1 | 0 | 1 | 0 | 1 | 1 | 1 | 1 | 0 | 0 | 1 | 1 | 1 | 1
---------------------------------------------------------------------------------------------------------------------------------------------------------------------------------------------------------------------------------
1 | 1 | 1 | 1 | 1 | 1 | 0 | 0 | 0 | 0 | 0 | 0 | 1 | 0 | 0 | 1 | 1 | 1 | 1 | 1 | 0 | 0 | 0 | 0 | 1 | 0 | 1 | 0 | 1 | 0 | 1 | 1 | 1 | 0 | 0 | 1 | 1 | 0 | 1 | 1 | 0 | 1 | 1 | 0 | 1
---------------------------------------------------------------------------------------------------------------------------------------------------------------------------------------------------------------------------------
1 | 0 | 1 | 1 | 1 | 1 | 0 | 0 | 1 | 1 | 0 | 1 | 1 | 1 | 0 | 0 | 0 | 0 | 1 | 0 | 0 | 0 | 1 | 0 | 0 | 1 | 0 | 0 | 1 | 1 | 1 | 1 | 1 | 1 | 1 | 1 | 0 | 0 | 0 | 0 | 0 | 1 | 1 | 1 | 1
---------------------------------------------------------------------------------------------------------------------------------------------------------------------------------------------------------------------------------
1 | 0 | 1 | 1 | 0 | 0 | 1 | 1 | 0 | 0 | 1 | 1 | 1 | 1 | 1 | 1 | 1 | 1 | 0 | 0 | 1 | 0 | 1 | 0 | 1 | 0 | 0 | 1 | 0 | 0 | 1 | 0 | 1 | 0 | 0 | 1 | 1 | 1 | 1 | 1 | 1 | 0 | 1 | 1 | 1
---------------------------------------------------------------------------------------------------------------------------------------------------------------------------------------------------------------------------------
